+------------------------------------------------------------------------------------------------------------------------------------------------------------------------------------------------------------------+
; Legal Partition Candidates                                                                                                                                                                                       ;
+-------------+-------+----------------+--------------+----------------+--------+-----------------+---------------+-----------------+-------+----------------+--------------+------------------+-------------------+
; Hierarchy   ; Input ; Constant Input ; Unused Input ; Floating Input ; Output ; Constant Output ; Unused Output ; Floating Output ; Bidir ; Constant Bidir ; Unused Bidir ; Input only Bidir ; Output only Bidir ;
+-------------+-------+----------------+--------------+----------------+--------+-----------------+---------------+-----------------+-------+----------------+--------------+------------------+-------------------+
; D6          ; 5     ; 0              ; 0            ; 0              ; 7      ; 0               ; 0             ; 0               ; 0     ; 0              ; 0            ; 0                ; 0                 ;
; D5          ; 5     ; 0              ; 0            ; 0              ; 7      ; 0               ; 0             ; 0               ; 0     ; 0              ; 0            ; 0                ; 0                 ;
; D4          ; 5     ; 0              ; 0            ; 0              ; 7      ; 0               ; 0             ; 0               ; 0     ; 0              ; 0            ; 0                ; 0                 ;
; D3          ; 5     ; 0              ; 0            ; 0              ; 7      ; 0               ; 0             ; 0               ; 0     ; 0              ; 0            ; 0                ; 0                 ;
; D2          ; 5     ; 1              ; 0            ; 1              ; 7      ; 1               ; 1             ; 1               ; 0     ; 0              ; 0            ; 0                ; 0                 ;
; D1          ; 5     ; 1              ; 0            ; 1              ; 7      ; 1               ; 1             ; 1               ; 0     ; 0              ; 0            ; 0                ; 0                 ;
; A1|H2|DIV4  ; 35    ; 32             ; 0            ; 32             ; 1      ; 32              ; 32            ; 32              ; 0     ; 0              ; 0            ; 0                ; 0                 ;
; A1|H2|DIV3  ; 35    ; 32             ; 0            ; 32             ; 1      ; 32              ; 32            ; 32              ; 0     ; 0              ; 0            ; 0                ; 0                 ;
; A1|H2|DIV2  ; 35    ; 32             ; 0            ; 32             ; 1      ; 32              ; 32            ; 32              ; 0     ; 0              ; 0            ; 0                ; 0                 ;
; A1|H2|DIV1  ; 35    ; 32             ; 0            ; 32             ; 1      ; 32              ; 32            ; 32              ; 0     ; 0              ; 0            ; 0                ; 0                 ;
; A1|H2       ; 7     ; 4              ; 0            ; 4              ; 4      ; 4               ; 4             ; 4               ; 0     ; 0              ; 0            ; 0                ; 0                 ;
; A1|H1|DIV4  ; 35    ; 32             ; 0            ; 32             ; 1      ; 32              ; 32            ; 32              ; 0     ; 0              ; 0            ; 0                ; 0                 ;
; A1|H1|DIV3  ; 35    ; 32             ; 0            ; 32             ; 1      ; 32              ; 32            ; 32              ; 0     ; 0              ; 0            ; 0                ; 0                 ;
; A1|H1|DIV2  ; 35    ; 32             ; 0            ; 32             ; 1      ; 32              ; 32            ; 32              ; 0     ; 0              ; 0            ; 0                ; 0                 ;
; A1|H1|DIV1  ; 35    ; 32             ; 0            ; 32             ; 1      ; 32              ; 32            ; 32              ; 0     ; 0              ; 0            ; 0                ; 0                 ;
; A1|H1       ; 7     ; 4              ; 0            ; 4              ; 4      ; 4               ; 4             ; 4               ; 0     ; 0              ; 0            ; 0                ; 0                 ;
; A1|M2|DIV4  ; 35    ; 32             ; 0            ; 32             ; 1      ; 32              ; 32            ; 32              ; 0     ; 0              ; 0            ; 0                ; 0                 ;
; A1|M2|DIV3  ; 35    ; 32             ; 0            ; 32             ; 1      ; 32              ; 32            ; 32              ; 0     ; 0              ; 0            ; 0                ; 0                 ;
; A1|M2|DIV2  ; 35    ; 32             ; 0            ; 32             ; 1      ; 32              ; 32            ; 32              ; 0     ; 0              ; 0            ; 0                ; 0                 ;
; A1|M2|DIV1  ; 35    ; 32             ; 0            ; 32             ; 1      ; 32              ; 32            ; 32              ; 0     ; 0              ; 0            ; 0                ; 0                 ;
; A1|M2       ; 7     ; 4              ; 0            ; 4              ; 4      ; 4               ; 4             ; 4               ; 0     ; 0              ; 0            ; 0                ; 0                 ;
; A1|M1|DIV4  ; 35    ; 32             ; 0            ; 32             ; 1      ; 32              ; 32            ; 32              ; 0     ; 0              ; 0            ; 0                ; 0                 ;
; A1|M1|DIV3  ; 35    ; 32             ; 0            ; 32             ; 1      ; 32              ; 32            ; 32              ; 0     ; 0              ; 0            ; 0                ; 0                 ;
; A1|M1|DIV2  ; 35    ; 32             ; 0            ; 32             ; 1      ; 32              ; 32            ; 32              ; 0     ; 0              ; 0            ; 0                ; 0                 ;
; A1|M1|DIV1  ; 35    ; 32             ; 0            ; 32             ; 1      ; 32              ; 32            ; 32              ; 0     ; 0              ; 0            ; 0                ; 0                 ;
; A1|M1       ; 7     ; 4              ; 0            ; 4              ; 4      ; 4               ; 4             ; 4               ; 0     ; 0              ; 0            ; 0                ; 0                 ;
; A1|DIV2     ; 35    ; 34             ; 0            ; 34             ; 1      ; 34              ; 34            ; 34              ; 0     ; 0              ; 0            ; 0                ; 0                 ;
; A1|DIV1     ; 35    ; 34             ; 0            ; 34             ; 1      ; 34              ; 34            ; 34              ; 0     ; 0              ; 0            ; 0                ; 0                 ;
; A1          ; 24    ; 1              ; 1            ; 1              ; 19     ; 1               ; 1             ; 1               ; 0     ; 0              ; 0            ; 0                ; 0                 ;
; C1|M2|DIV4  ; 35    ; 32             ; 0            ; 32             ; 1      ; 32              ; 32            ; 32              ; 0     ; 0              ; 0            ; 0                ; 0                 ;
; C1|M2|DIV3  ; 35    ; 32             ; 0            ; 32             ; 1      ; 32              ; 32            ; 32              ; 0     ; 0              ; 0            ; 0                ; 0                 ;
; C1|M2|DIV2  ; 35    ; 32             ; 0            ; 32             ; 1      ; 32              ; 32            ; 32              ; 0     ; 0              ; 0            ; 0                ; 0                 ;
; C1|M2|DIV1  ; 35    ; 32             ; 0            ; 32             ; 1      ; 32              ; 32            ; 32              ; 0     ; 0              ; 0            ; 0                ; 0                 ;
; C1|M2       ; 7     ; 4              ; 0            ; 4              ; 4      ; 4               ; 4             ; 4               ; 0     ; 0              ; 0            ; 0                ; 0                 ;
; C1|M1|DIV4  ; 35    ; 32             ; 0            ; 32             ; 1      ; 32              ; 32            ; 32              ; 0     ; 0              ; 0            ; 0                ; 0                 ;
; C1|M1|DIV3  ; 35    ; 32             ; 0            ; 32             ; 1      ; 32              ; 32            ; 32              ; 0     ; 0              ; 0            ; 0                ; 0                 ;
; C1|M1|DIV2  ; 35    ; 32             ; 0            ; 32             ; 1      ; 32              ; 32            ; 32              ; 0     ; 0              ; 0            ; 0                ; 0                 ;
; C1|M1|DIV1  ; 35    ; 32             ; 0            ; 32             ; 1      ; 32              ; 32            ; 32              ; 0     ; 0              ; 0            ; 0                ; 0                 ;
; C1|M1       ; 7     ; 4              ; 0            ; 4              ; 4      ; 4               ; 4             ; 4               ; 0     ; 0              ; 0            ; 0                ; 0                 ;
; C1|S2|DIV4  ; 35    ; 32             ; 0            ; 32             ; 1      ; 32              ; 32            ; 32              ; 0     ; 0              ; 0            ; 0                ; 0                 ;
; C1|S2|DIV3  ; 35    ; 32             ; 0            ; 32             ; 1      ; 32              ; 32            ; 32              ; 0     ; 0              ; 0            ; 0                ; 0                 ;
; C1|S2|DIV2  ; 35    ; 32             ; 0            ; 32             ; 1      ; 32              ; 32            ; 32              ; 0     ; 0              ; 0            ; 0                ; 0                 ;
; C1|S2|DIV1  ; 35    ; 32             ; 0            ; 32             ; 1      ; 32              ; 32            ; 32              ; 0     ; 0              ; 0            ; 0                ; 0                 ;
; C1|S2       ; 7     ; 4              ; 0            ; 4              ; 4      ; 4               ; 4             ; 4               ; 0     ; 0              ; 0            ; 0                ; 0                 ;
; C1|S1|DIV4  ; 35    ; 32             ; 0            ; 32             ; 1      ; 32              ; 32            ; 32              ; 0     ; 0              ; 0            ; 0                ; 0                 ;
; C1|S1|DIV3  ; 35    ; 32             ; 0            ; 32             ; 1      ; 32              ; 32            ; 32              ; 0     ; 0              ; 0            ; 0                ; 0                 ;
; C1|S1|DIV2  ; 35    ; 32             ; 0            ; 32             ; 1      ; 32              ; 32            ; 32              ; 0     ; 0              ; 0            ; 0                ; 0                 ;
; C1|S1|DIV1  ; 35    ; 32             ; 0            ; 32             ; 1      ; 32              ; 32            ; 32              ; 0     ; 0              ; 0            ; 0                ; 0                 ;
; C1|S1       ; 7     ; 4              ; 0            ; 4              ; 4      ; 4               ; 4             ; 4               ; 0     ; 0              ; 0            ; 0                ; 0                 ;
; C1|MS2|DIV4 ; 35    ; 32             ; 0            ; 32             ; 1      ; 32              ; 32            ; 32              ; 0     ; 0              ; 0            ; 0                ; 0                 ;
; C1|MS2|DIV3 ; 35    ; 32             ; 0            ; 32             ; 1      ; 32              ; 32            ; 32              ; 0     ; 0              ; 0            ; 0                ; 0                 ;
; C1|MS2|DIV2 ; 35    ; 32             ; 0            ; 32             ; 1      ; 32              ; 32            ; 32              ; 0     ; 0              ; 0            ; 0                ; 0                 ;
; C1|MS2|DIV1 ; 35    ; 32             ; 0            ; 32             ; 1      ; 32              ; 32            ; 32              ; 0     ; 0              ; 0            ; 0                ; 0                 ;
; C1|MS2      ; 7     ; 4              ; 0            ; 4              ; 4      ; 4               ; 4             ; 4               ; 0     ; 0              ; 0            ; 0                ; 0                 ;
; C1|MS1|DIV4 ; 35    ; 32             ; 0            ; 32             ; 1      ; 32              ; 32            ; 32              ; 0     ; 0              ; 0            ; 0                ; 0                 ;
; C1|MS1|DIV3 ; 35    ; 32             ; 0            ; 32             ; 1      ; 32              ; 32            ; 32              ; 0     ; 0              ; 0            ; 0                ; 0                 ;
; C1|MS1|DIV2 ; 35    ; 32             ; 0            ; 32             ; 1      ; 32              ; 32            ; 32              ; 0     ; 0              ; 0            ; 0                ; 0                 ;
; C1|MS1|DIV1 ; 35    ; 32             ; 0            ; 32             ; 1      ; 32              ; 32            ; 32              ; 0     ; 0              ; 0            ; 0                ; 0                 ;
; C1|MS1      ; 7     ; 4              ; 0            ; 4              ; 4      ; 4               ; 4             ; 4               ; 0     ; 0              ; 0            ; 0                ; 0                 ;
; C1|DIV1     ; 35    ; 34             ; 0            ; 34             ; 1      ; 34              ; 34            ; 34              ; 0     ; 0              ; 0            ; 0                ; 0                 ;
; C1|DIV2     ; 35    ; 34             ; 0            ; 34             ; 1      ; 34              ; 34            ; 34              ; 0     ; 0              ; 0            ; 0                ; 0                 ;
; C1          ; 8     ; 1              ; 4            ; 1              ; 24     ; 1               ; 1             ; 1               ; 0     ; 0              ; 0            ; 0                ; 0                 ;
; H1|H2|DIV4  ; 35    ; 32             ; 0            ; 32             ; 1      ; 32              ; 32            ; 32              ; 0     ; 0              ; 0            ; 0                ; 0                 ;
; H1|H2|DIV3  ; 35    ; 32             ; 0            ; 32             ; 1      ; 32              ; 32            ; 32              ; 0     ; 0              ; 0            ; 0                ; 0                 ;
; H1|H2|DIV2  ; 35    ; 32             ; 0            ; 32             ; 1      ; 32              ; 32            ; 32              ; 0     ; 0              ; 0            ; 0                ; 0                 ;
; H1|H2|DIV1  ; 35    ; 32             ; 0            ; 32             ; 1      ; 32              ; 32            ; 32              ; 0     ; 0              ; 0            ; 0                ; 0                 ;
; H1|H2       ; 7     ; 4              ; 0            ; 4              ; 4      ; 4               ; 4             ; 4               ; 0     ; 0              ; 0            ; 0                ; 0                 ;
; H1|H1|DIV4  ; 35    ; 32             ; 0            ; 32             ; 1      ; 32              ; 32            ; 32              ; 0     ; 0              ; 0            ; 0                ; 0                 ;
; H1|H1|DIV3  ; 35    ; 32             ; 0            ; 32             ; 1      ; 32              ; 32            ; 32              ; 0     ; 0              ; 0            ; 0                ; 0                 ;
; H1|H1|DIV2  ; 35    ; 32             ; 0            ; 32             ; 1      ; 32              ; 32            ; 32              ; 0     ; 0              ; 0            ; 0                ; 0                 ;
; H1|H1|DIV1  ; 35    ; 32             ; 0            ; 32             ; 1      ; 32              ; 32            ; 32              ; 0     ; 0              ; 0            ; 0                ; 0                 ;
; H1|H1       ; 7     ; 4              ; 0            ; 4              ; 4      ; 4               ; 4             ; 4               ; 0     ; 0              ; 0            ; 0                ; 0                 ;
; H1|M2|DIV4  ; 35    ; 32             ; 0            ; 32             ; 1      ; 32              ; 32            ; 32              ; 0     ; 0              ; 0            ; 0                ; 0                 ;
; H1|M2|DIV3  ; 35    ; 32             ; 0            ; 32             ; 1      ; 32              ; 32            ; 32              ; 0     ; 0              ; 0            ; 0                ; 0                 ;
; H1|M2|DIV2  ; 35    ; 32             ; 0            ; 32             ; 1      ; 32              ; 32            ; 32              ; 0     ; 0              ; 0            ; 0                ; 0                 ;
; H1|M2|DIV1  ; 35    ; 32             ; 0            ; 32             ; 1      ; 32              ; 32            ; 32              ; 0     ; 0              ; 0            ; 0                ; 0                 ;
; H1|M2       ; 7     ; 4              ; 0            ; 4              ; 4      ; 4               ; 4             ; 4               ; 0     ; 0              ; 0            ; 0                ; 0                 ;
; H1|M1|DIV4  ; 35    ; 32             ; 0            ; 32             ; 1      ; 32              ; 32            ; 32              ; 0     ; 0              ; 0            ; 0                ; 0                 ;
; H1|M1|DIV3  ; 35    ; 32             ; 0            ; 32             ; 1      ; 32              ; 32            ; 32              ; 0     ; 0              ; 0            ; 0                ; 0                 ;
; H1|M1|DIV2  ; 35    ; 32             ; 0            ; 32             ; 1      ; 32              ; 32            ; 32              ; 0     ; 0              ; 0            ; 0                ; 0                 ;
; H1|M1|DIV1  ; 35    ; 32             ; 0            ; 32             ; 1      ; 32              ; 32            ; 32              ; 0     ; 0              ; 0            ; 0                ; 0                 ;
; H1|M1       ; 7     ; 4              ; 0            ; 4              ; 4      ; 4               ; 4             ; 4               ; 0     ; 0              ; 0            ; 0                ; 0                 ;
; H1|S2|DIV4  ; 35    ; 32             ; 0            ; 32             ; 1      ; 32              ; 32            ; 32              ; 0     ; 0              ; 0            ; 0                ; 0                 ;
; H1|S2|DIV3  ; 35    ; 32             ; 0            ; 32             ; 1      ; 32              ; 32            ; 32              ; 0     ; 0              ; 0            ; 0                ; 0                 ;
; H1|S2|DIV2  ; 35    ; 32             ; 0            ; 32             ; 1      ; 32              ; 32            ; 32              ; 0     ; 0              ; 0            ; 0                ; 0                 ;
; H1|S2|DIV1  ; 35    ; 32             ; 0            ; 32             ; 1      ; 32              ; 32            ; 32              ; 0     ; 0              ; 0            ; 0                ; 0                 ;
; H1|S2       ; 7     ; 4              ; 0            ; 4              ; 4      ; 4               ; 4             ; 4               ; 0     ; 0              ; 0            ; 0                ; 0                 ;
; H1|S1|DIV4  ; 35    ; 32             ; 0            ; 32             ; 1      ; 32              ; 32            ; 32              ; 0     ; 0              ; 0            ; 0                ; 0                 ;
; H1|S1|DIV3  ; 35    ; 32             ; 0            ; 32             ; 1      ; 32              ; 32            ; 32              ; 0     ; 0              ; 0            ; 0                ; 0                 ;
; H1|S1|DIV2  ; 35    ; 32             ; 0            ; 32             ; 1      ; 32              ; 32            ; 32              ; 0     ; 0              ; 0            ; 0                ; 0                 ;
; H1|S1|DIV1  ; 35    ; 32             ; 0            ; 32             ; 1      ; 32              ; 32            ; 32              ; 0     ; 0              ; 0            ; 0                ; 0                 ;
; H1|S1       ; 7     ; 4              ; 0            ; 4              ; 4      ; 4               ; 4             ; 4               ; 0     ; 0              ; 0            ; 0                ; 0                 ;
; H1|DIV1     ; 35    ; 34             ; 0            ; 34             ; 1      ; 34              ; 34            ; 34              ; 0     ; 0              ; 0            ; 0                ; 0                 ;
; H1|DIV2     ; 35    ; 34             ; 0            ; 34             ; 1      ; 34              ; 34            ; 34              ; 0     ; 0              ; 0            ; 0                ; 0                 ;
; H1|DIV3     ; 35    ; 34             ; 0            ; 34             ; 1      ; 34              ; 34            ; 34              ; 0     ; 0              ; 0            ; 0                ; 0                 ;
; H1          ; 8     ; 1              ; 1            ; 1              ; 26     ; 1               ; 1             ; 1               ; 0     ; 0              ; 0            ; 0                ; 0                 ;
+-------------+-------+----------------+--------------+----------------+--------+-----------------+---------------+-----------------+-------+----------------+--------------+------------------+-------------------+
